0 0
1 0
2 0
3 0
4 0
6 0
7 0
8 0
9 0
10 0
11 0
12 0
13 0
14 0
15 0
16 0
17 0
18 0
19 0
20 0
21 0
22 0
23 0
24 0
25 0
26 0
27 0
28 0
29 0
30 0
31 0
32 0
33 0
34 0
35 0
36 0
37 0
38 0
39 0
40 0
41 0
42 0
44 0
45 0
46 0
47 0
48 0
49 0
50 0
51 0
52 0
53 0
54 0
55 0
56 0
57 0
58 0
59 0
60 0
61 0
62 0
63 0
64 0
65 0
66 0
67 0
68 0
69 0
70 0
71 0
72 0
73 0
74 0
76 0
77 0
78 0
79 0
80 0
81 0
82 0
83 0
84 0
85 0
86 0
87 0
88 0
89 0
90 0
91 0
92 0
93 0
94 0
95 0
96 0
97 0
98 0
99 0
100 0
101 0
102 0
103 0
104 0
105 0
106 0
107 0
108 0
109 0
110 0
111 0
112 0
113 0
114 0
115 0
116 0
117 0
118 0
119 0
120 0
121 0
122 0
123 0
124 0
125 0
126 0
127 0
128 0
129 0
130 0
131 0
132 0
133 0
134 0
135 0
136 0
137 0
138 0
139 0
140 0
141 0
142 0
143 0
144 0
145 0
146 0
147 0
148 0
149 0
150 0
151 0
152 0
153 0
154 0
155 0
156 0
157 0
158 0
159 0
160 0
161 0
162 0
163 0
164 0
165 0
166 0
167 0
168 0
169 0
170 0
171 0
172 0
173 0
174 0
175 0
176 0
177 0
178 0
179 0
180 0
181 0
182 0
183 0
184 0
185 0
186 0
187 0
188 0
189 0
190 0
191 0
192 0
193 0
194 0
195 0
196 0
197 0
198 0
199 0
200 0
201 0
202 0
203 0
204 0
205 0
206 0
207 0
208 0
209 0
210 0
211 0
212 0
213 0
214 0
215 0
216 0
217 0
218 0
219 0
220 0
221 0
222 0
223 0
224 0
225 0
226 0
227 0
228 0
229 0
230 0
231 0
232 0
233 0
234 0
235 0
236 0
237 0
238 0
239 0
240 0
241 0
242 0
243 0
244 0
245 0
246 0
247 0
248 0
249 0
250 0
251 0
252 0
253 0
254 0
255 0
256 0
257 0
258 0
259 0
260 0
261 0
262 0
263 0
264 0
265 0
266 0
267 0
268 0
269 0
270 0
271 0
272 0
273 0
274 0
275 0
276 0
277 0
278 0
279 0
280 0
281 0
282 0
283 0
284 0
285 0
286 0
287 0
288 0
289 0
290 0
291 0
292 0
293 0
294 0
295 0
296 0
297 0
298 0
299 0
300 0
301 0
302 0
303 0
304 0
305 0
306 0
307 0
308 0
309 0
310 0
311 0
312 0
313 0
314 0
315 0
316 0
317 0
318 0
319 0
320 0
321 0
322 0
323 0
324 0
325 0
326 0
327 0
328 0
329 0
330 0
331 0
332 0
333 0
334 0
335 0
336 0
337 0
338 0
339 0
340 0
341 0
342 0
343 0
344 0
345 0
346 0
347 0
348 0
349 0
350 0
351 0
352 0
353 0
354 0
355 0
356 0
357 0
358 0
359 0
360 0
361 0
362 0
363 0
364 0
365 0
366 0
367 0
368 0
369 0
370 0
371 0
372 0
373 0
374 0
375 0
376 0
377 0
378 0
379 0
380 0
381 0
382 0
383 0
384 0
385 0
386 0
387 0
388 0
389 0
390 0
391 4
392 0
393 0
394 0
395 0
396 0
397 0
398 0
399 0
400 0
401 0
402 0
403 0
404 0
405 0
406 0
407 0
408 0
409 0
410 0
411 0
412 0
413 0
414 0
415 0
416 0
417 0
418 0
419 0
420 0
421 0
422 0
423 0
424 0
425 0
426 0
427 0
428 0
429 0
430 0
431 0
432 0
433 0
434 0
435 0
436 0
437 0
438 0
439 0
440 0
441 0
442 0
443 0
444 0
445 0
446 0
447 0
448 0
449 0
450 0
451 0
452 0
453 0
454 0
455 0
456 0
457 0
458 0
459 0
460 0
461 0
462 0
463 0
464 0
465 0
466 0
467 0
468 0
469 0
470 0
471 0
472 0
473 0
474 0
475 0
476 0
477 0
478 0
479 0
480 0
481 0
482 0
483 0
484 0
485 0
486 0
487 0
488 0
489 0
490 0
491 0
492 0
493 0
494 0
495 0
496 0
497 0
498 0
499 0
500 0
501 0
502 0
503 0
504 0
505 0
506 0
507 0
508 0
509 0
510 0
511 0
512 0
513 0
514 0
515 0
516 0
517 0
518 0
519 0
520 0
521 0
522 0
523 0
524 0
525 0
526 0
527 0
528 0
529 0
530 0
531 0
532 0
533 0
534 0
535 0
536 0
537 0
538 0
539 0
540 0
541 0
542 0
543 0
544 0
545 0
546 0
547 0
548 0
549 0
550 0
551 0
552 0
553 0
554 0
555 0
556 0
557 0
558 0
559 0
560 0
561 0
562 0
563 0
564 0
565 0
566 0
567 0
568 0
569 0
570 0
571 0
572 0
573 0
574 0
575 0
576 0
577 0
578 0
579 0
580 0
581 0
582 0
583 0
584 0
585 0
586 0
587 0
588 0
589 0
590 0
591 0
592 0
593 0
594 0
595 0
596 0
597 0
598 0
599 0
600 0
601 0
602 0
603 0
604 0
605 0
606 0
607 0
608 0
609 0
610 0
611 0
612 0
613 0
614 0
615 0
616 0
617 0
618 0
619 0
620 0
621 0
622 0
623 0
624 0
625 0
626 0
627 0
628 0
629 0
630 0
631 0
632 0
633 0
634 0
635 0
636 0
637 0
638 0
639 0
640 0
641 0
642 0
643 0
644 0
645 0
646 0
647 0
648 0
649 0
650 0
651 0
652 0
653 0
654 0
655 0
656 0
657 0
658 0
659 0
660 0
661 0
662 0
663 0
664 0
665 0
666 0
667 0
668 0
669 0
670 0
671 0
672 0
673 0
674 0
675 0
676 0
677 0
678 0
679 0
680 0
681 0
686 0
691 0
696 0
697 0
698 0
699 0
700 0
701 0
702 0
703 0
706 0
707 2128
708 5907
709 5907
710 5907
711 5907
712 5907
713 6336
714 6336
715 6336
717 6336
722 6336
727 6336
732 6336
735 6336
742 6336
747 6336
749 6336
752 6336
757 6336
762 6336
767 6336
772 6336
773 6336
777 6336
782 6336
783 6336
785 6336
786 6336
787 6336
788 6336
789 6336
790 6336
791 6336
792 6336
797 6336
800 6336
801 6336
802 6336
807 6336
808 6336
812 6336
817 6336
821 6336
822 6336
824 6336
825 6336
827 6336
829 6336
830 6336
832 6336
835 6336
837 6336
842 6336
843 6336
846 6336
847 6336
852 6336
856 6336
857 6336
859 6336
862 6336
867 6336
872 6336
877 6336
880 6336
882 6336
887 6336
892 6336
902 6336
903 6336
905 6336
907 6336
908 6336
911 6336
912 6336
914 6336
917 6336
919 6336
922 6336
924 6336
927 6336
929 6336
932 6336
935 6336
937 6336
939 6336
941 6336
942 6336
944 6336
947 6336
948 6336
949 6336
950 6336
952 6336
953 6336
954 6336
955 6336
956 6336
957 6336
958 6336
959 6336
960 6336
961 6336
962 6336
963 6336
964 6336
966 6336
967 6336
968 6336
970 6336
971 6336
972 6336
977 6336
978 6336
979 6336
980 6336
981 6336
982 6336
983 6336
984 6336
985 6336
986 6336
987 6336
988 6336
989 6336
990 6336
991 6336
992 6336
993 6336
994 6336
995 6336
996 6336
997 6336
998 6336
999 6336
1000 6336
1001 6336
1002 6336
1003 6336
1005 6336
1006 6336
1007 6336
1008 6336
1009 6336
1010 6336
1012 6336
1013 6336
1014 6336
1015 6336
1016 6336
1017 6336
1018 6336
1021 6336
1022 6336
1023 6336
1024 6336
1025 6336
1026 6336
1027 6336
1028 6336
1029 6336
1030 6336
1031 6336
1032 6336
1033 6336
1034 6336
1036 6336
1037 6336
1042 6336
1043 6336
1044 6336
1045 6336
1046 6336
1047 6336
1048 6336
1052 6336
1055 6336
1056 6336
1057 6336
1058 6336
1059 6336
1062 6336
1063 6336
1066 6336
1067 6336
1069 6336
1070 6336
1071 6336
1072 6336
1073 6336
1074 6336
1075 6336
1077 6336
1078 6336
1079 6336
1080 6336
1081 6336
1082 6336
1083 6336
1084 6336
1085 6336
1086 6336
1087 6336
1088 6336
1089 6336
1090 6336
1091 6336
1092 6336
1093 6336
1094 6336
1095 6336
1097 6336
1098 6336
1099 6336
1100 6336
1101 6336
1102 6336
1104 6336
1105 6336
1106 6336
1107 6336
1108 6336
1109 6336
1110 6336
1111 6336
1112 6336
1113 6336
1114 6336
1115 6336
1116 6336
1117 6336
1118 6336
1121 6336
1122 6336
1123 6336
1124 6336
1125 6336
1126 6336
1127 6336
1128 6336
1129 6336
1130 6336
1131 6336
1132 6336
1133 6336
1134 6336
1135 6336
1136 6336
1137 6336
1138 6336
1139 6336
1140 6336
1141 6336
1142 6336
1143 6336
1144 6336
1145 6336
1146 6336
1147 6336
1148 6336
1149 6336
1150 6336
1151 6336
1152 6336
1153 6336
1154 6336
1155 6336
1156 6336
1158 6336
1160 6336
1161 6336
1162 6336
1163 6336
1164 6336
1165 6336
1166 6336
1167 6336
1168 6336
1169 6336
1170 6336
1171 6336
1172 6336
1173 6336
1174 6336
1175 6336
1176 6336
1177 6336
1178 6336
1179 6336
1180 6336
1181 6336
1182 6336
1183 6336
1184 6336
1185 6336
1186 6336
1187 6336
1188 6336
1189 6336
1190 6336
1191 6336
1192 6336
1193 6336
1194 6336
1195 6336
1196 6336
1197 6336
1198 6336
1199 6336
1200 6336
1201 6336
1202 6336
1203 6336
1204 6336
1206 6336
1208 6336
1209 6336
1210 6336
1211 6336
1212 6336
1213 6336
1214 6336
1215 6336
1216 6336
1217 6336
1218 6336
1219 6336
1220 6336
1221 6336
1222 6336
1223 6336
1224 6336
1225 6336
1226 6336
1227 6336
1228 6336
1229 6336
1230 6336
1231 6336
1232 6336
1233 6336
1234 6336
1235 6336
1236 6336
1237 6336
1238 6336
1239 6336
1240 6336
1241 6336
1242 6336
1243 6336
1244 6336
1245 6336
1246 6336
1247 6336
1248 6336
1249 6336
1250 6336
1251 6336
1252 6336
1253 6336
1254 6336
1255 6336
1256 6336
1257 6336
1258 6336
1259 6336
1260 6336
1261 6336
1262 6336
1263 6336
1264 6336
1265 6336
1266 6336
1267 6336
1268 6336
1269 6336
1270 6336
1271 6336
1272 6336
1273 6336
1274 6336
1275 6336
1276 6336
1277 6336
1278 6336
1279 6336
1280 6336
1281 6336
1282 6336
1283 6336
1284 6336
1285 6336
1286 6336
1287 6336
1288 6336
1289 6336
1290 6336
1291 6336
1292 6336
1293 6336
1294 6336
1295 6336
1296 6336
1297 6336
1298 6336
1299 6336
1301 6336
1302 6336
1303 6336
1304 6336
1305 6336
1308 6336
1309 6336
1310 6336
1311 6336
1312 6336
1313 6336
1314 6336
1315 6336
1316 6336
1317 6336
1318 6336
1319 6336
1322 6336
1323 6336
1325 6336
1326 6336
1327 6336
1328 6336
1329 6336
1330 6336
1331 6336
1333 6336
1335 6336
1338 6336
1339 6336
1340 6336
1341 6336
1342 6336
1343 6336
1344 6336
1345 6336
1346 6336
1347 6336
1348 6336
1349 6336
1350 6336
1351 6336
1352 6336
1353 6336
1354 6336
1356 6336
1357 6336
1358 6336
1359 6336
1360 6336
1361 6336
1362 6336
1363 6336
1364 6336
1365 6336
1366 6336
1367 6336
1368 6336
1369 6336
1370 6336
1371 6336
1372 6336
1373 6336
1374 6336
1375 6336
1376 6336
1377 6336
1378 6336
1379 6336
1380 6336
1381 6336
1382 6336
1383 6336
1384 6336
1385 6336
1386 6336
1387 6336
1388 6336
1389 6336
1390 6336
1391 6336
1393 6336
1394 6336
1395 6336
1396 6336
1397 6336
1398 6336
1401 6336
1402 6336
1403 6336
1404 6336
1405 6336
1407 6336
1408 6336
1413 6336
1415 6336
1416 6336
1417 6336
1418 6336
1419 6336
1420 6336
1421 6336
1423 6336
1424 6336
1425 6336
1426 6336
1427 6336
1428 6336
1429 6336
1430 6336
1431 6336
1433 6336
1434 6336
1437 6336
1438 6336
1439 6336
1440 6336
1441 6336
1442 6336
1443 6336
1448 6336
1449 6336
1450 6336
1451 6336
1452 6336
1453 6336
1454 6336
1455 6336
1456 6336
1457 6336
1458 6336
1459 6336
1460 6336
1461 6336
1463 6336
1467 6336
1468 6336
1469 6336
1470 6336
1471 6336
1473 6336
1475 6336
1476 6336
1478 6336
1479 6336
1480 6336
1481 6336
1482 6336
1483 6336
1484 6336
1485 6336
1487 6336
1488 6336
1489 6336
1490 6336
1491 6336
1492 6336
1493 6336
1495 6336
1496 6336
1498 6336
1499 6336
1500 6336
1501 6336
1502 6336
1503 6336
1504 6336
1505 6336
1506 6336
1507 6336
1508 6336
1509 6336
1510 6336
1511 6336
1512 6336
1513 6336
1514 6336
1515 6336
1516 6336
1517 6336
1518 6336
1519 6336
1520 6336
1521 6336
1523 6336
1524 6336
1525 6336
1526 6336
1527 6336
1528 6336
1529 6336
1530 6336
1532 6336
1533 6336
1534 6336
1535 6336
1536 6336
1538 6336
1539 6336
1541 6336
1542 6336
1543 6336
1547 6336
1548 6336
1549 6336
1553 6336
1554 6336
1556 6336
1557 6336
1558 6336
1559 6336
1560 6336
1563 6336
1564 6336
1565 6336
1566 6336
1567 6336
1568 6336
1569 6336
1570 6336
1571 6336
1572 6336
1573 6336
1575 6336
1576 6336
1577 6336
1578 6336
1581 6336
1582 6336
1583 6336
1584 6336
1588 6336
1590 6336
1591 6336
1592 6336
1593 6336
1598 6336
1599 6336
1600 6336
1601 6336
1602 6336
1603 6336
1606 6336
1608 6336
1609 6336
1610 6336
1612 6336
1613 6336
1614 6336
1615 6336
1616 6336
1617 6336
1618 6336
1619 6336
1621 6336
1622 6336
1623 6336
1625 6336
1626 6336
1627 6336
1628 6336
1630 6336
1631 6336
1632 6336
1633 6336
1635 6336
1636 6336
1638 6336
1639 6336
1641 6336
1643 6336
1645 6336
1646 6336
1648 6336
1650 6336
1651 6336
1652 6336
1653 6336
1654 6336
1655 6336
1658 6336
1659 6336
1660 6336
1661 6336
1663 6336
1664 6336
1665 6336
1666 6336
1667 6336
1668 6336
1671 6336
1672 6336
1673 6336
1675 6336
1676 6336
1678 6336
1679 6336
1680 6336
1682 6336
1683 6336
1685 6336
1686 6336
1688 6336
1689 6336
1690 6336
1691 6336
1692 6336
1693 6336
1694 6336
1695 6336
1696 6336
1697 6336
1698 6336
1702 6336
1703 6336
1704 6336
1705 6336
1707 6336
1708 6336
1710 6336
1711 6336
1713 6336
1715 6336
1718 6336
1719 6336
1723 6336
1724 6336
1728 6336
1729 6336
1730 6336
1731 6336
1732 6336
1733 6336
1735 6336
1736 6336
1738 6336
1739 6336
1740 6336
1741 6336
1743 6336
1744 6336
1746 6336
1747 6336
1748 6336
1749 6336
1750 6336
1753 6336
1754 6336
1755 6336
1757 6336
1758 6336
1759 6336
1760 6336
1761 6336
1762 6336
1763 6336
1764 6336
1765 6336
1767 6336
1768 6336
1771 6336
1772 6336
1773 6336
1775 6336
1776 6336
1778 6336
1779 6336
1780 6336
1781 6336
1782 6336
1783 6336
1788 6336
1789 6336
1790 6336
1792 6336
1793 6336
1795 6336
1796 6336
1797 6336
1798 6336
1800 6336
1803 6336
1804 6336
1805 6336
1806 6336
1807 6336
1808 6336
1809 6336
1810 6336
1811 6336
1812 6336
1813 6336
1814 6336
1815 6336
1816 6336
1817 6336
1818 6336
1819 6336
1820 6336
1821 6336
1822 6336
1823 6336
1824 6336
1825 6336
1826 6336
1827 6336
1828 6336
1829 6336
1830 6336
1831 6336
1832 6336
1833 6336
1834 6336
1835 6336
1836 6336
1838 6336
1839 6336
1841 6336
1844 6336
1845 6336
1846 6336
1847 6336
1848 6336
1849 6336
1850 6336
1852 6336
1854 6336
1855 6336
1856 6336
1857 6336
1859 6336
1860 6336
1861 6336
1862 6336
1864 6336
1865 6336
1867 6336
1868 6336
1869 6336
1871 6336
1872 6336
1873 6336
1874 6336
1875 6336
1876 6336
1877 6336
1878 6336
1879 6336
1881 6336
1882 6336
1883 6336
1884 6336
1885 6336
1886 6336
1887 6336
1888 6336
1889 6336
1890 6336
1891 6336
1892 6336
1893 6336
1894 6336
1895 6336
1896 6336
1897 6336
1898 6336
1899 6336
1900 6336
1901 6336
1902 6336
1903 6336
1904 6336
1905 6336
1906 6336
1907 6336
1908 6336
1909 6336
1910 6336
1911 6336
1912 6336
1913 6336
1914 6336
1915 6336
1916 6336
1917 6336
1918 6336
1919 6336
1920 6336
1921 6336
1922 6336
1923 6336
1924 6336
1925 6336
1926 6336
1927 6336
1928 6336
1929 6336
1930 6336
1931 6336
1932 6336
1933 6336
1934 6336
1935 6336
1936 6336
1937 6336
1938 6336
1939 6336
1940 6336
1941 6336
1942 6336
1943 6336
1944 6336
1945 6336
1946 6336
1947 6336
1948 6336
1949 6336
1950 6336
1954 6336
1959 6336
1962 6336
1963 6336
1964 6336
1967 6336
1968 6336
1969 6336
1970 6336
1971 6336
1972 6336
1973 6336
1974 6336
1975 6336
1976 6336
1977 6336
1978 6336
1979 6336
1980 6336
1981 6336
1982 6336
1983 6336
1984 6336
1985 6336
1986 6336
1987 6336
1988 6336
1989 6336
1990 6336
1991 6336
1993 6336
1994 6336
1995 6336
1997 6336
1998 6336
1999 6336
2000 6338
2001 6338
2004 6338
2005 6338
2006 6338
2007 6338
2008 6338
2009 6338
2011 6338
2013 6338
2014 6338
2015 6338
2017 6338
2019 6338
2020 6342
2021 6342
2022 6342
2024 6342
2025 6342
2026 6342
2027 6342
2028 6342
2029 6342
2030 6342
2031 6342
2032 6342
2033 6342
2034 6342
2036 6342
2037 6342
2039 6342
2042 6342
2043 6342
2044 6342
2047 6342
2048 6342
2049 6342
2050 6342
2051 6342
2052 6342
2054 6342
2055 6342
2056 6342
2058 6342
2059 6342
2062 6342
2063 6342
2064 6342
2065 6342
2066 6342
2067 6342
2068 6342
2069 6342
2070 6342
2072 6342
2073 6342
2074 6342
2075 6342
2076 6342
2077 6342
2078 6342
2079 6342
2081 6342
2082 6342
2083 6342
2084 6342
2085 6342
2086 6342
2087 6342
2088 6342
2089 6342
2090 6342
2091 6342
2092 6342
2093 6342
2094 6342
2095 6342
2096 6342
2097 6342
2098 6342
2099 6342
2100 6342
2101 6342
2102 6342
2103 6342
2104 6342
2105 6342
2106 6342
2107 6342
2108 6342
2109 6342
2110 6342
2111 6342
2112 6342
2113 6342
2114 6342
2115 6342
2116 6342
2117 6342
2118 6342
2119 6342
2120 6342
2121 6342
2122 6342
2123 6342
2124 6342
2125 6342
2126 6342
2127 6342
2128 6342
2129 6342
2130 6342
2131 6342
2132 6342
2133 6342
2134 6342
2137 6342
2138 6342
2139 6342
2143 6342
2144 6342
2146 6342
2147 6342
2148 6342
2149 6342
2150 6342
2151 6342
2152 6342
2153 6342
2154 6342
2156 6342
2157 6342
2158 6342
2159 6342
2160 6342
2161 6342
2162 6342
2163 6342
2164 6342
2165 6342
2166 6342
2167 6342
2168 6342
2169 6342
2170 6342
2171 6342
2172 6342
2173 6342
2174 6342
2175 6342
2176 6342
2177 6342
2178 6342
2179 6342
2180 6342
2181 6342
2182 6342
2183 6342
2184 6342
2185 6342
2186 6342
2187 6342
2188 6342
2189 6342
2190 6342
2191 6342
2192 6342
2193 6342
2194 6342
2195 6342
2196 6342
2197 6342
2198 6342
2199 6342
2200 6342
2201 6342
2202 6342
2204 6342
2205 6342
2206 6342
2207 6342
2208 6342
2209 6342
2211 6342
2212 6342
2213 6342
2214 6342
2215 6342
2216 6342
2217 6342
2219 6342
2220 6342
2222 6342
2224 6342
2225 6342
2227 6342
2228 6342
2229 6342
2230 6342
2231 6342
2232 6342
2233 6342
2234 6342
2235 6342
2236 6342
2237 6342
2238 6342
2239 6342
2240 6342
2241 6342
2242 6342
2243 6342
2244 6342
2245 6342
2246 6342
2247 6342
2248 6342
2249 6342
2250 6342
2251 6342
2254 6342
2259 6342
2261 6342
2264 6342
2269 6342
2270 6342
2271 6342
2272 6342
2273 6342
2274 6342
2275 6342
2276 6342
2277 6342
2278 6342
2279 6342
2280 6342
2281 6342
2282 6342
2283 6342
2284 6342
2285 6342
2286 6342
2287 6342
2288 6342
2289 6342
2290 6342
2291 6342
2292 6342
2293 6342
2294 6342
2295 6342
2296 6342
2297 6342
2299 6342
2300 6342
2301 6342
2302 6342
2304 6342
2305 6342
2306 6342
2307 6342
2308 6342
2309 6342
2310 6342
2311 6342
2312 6342
2313 6342
2314 6342
2317 6342
2318 6342
2319 6342
2322 6342
2323 6342
2324 6342
2326 6342
2327 6342
2328 6342
2329 6342
2333 6342
2334 6342
2335 6342
2336 6342
2337 6342
2339 6342
2340 6342
2342 6342
2343 6342
2344 6342
2345 6342
2346 6342
2347 6342
2348 6342
2349 6342
2350 6342
2351 6342
2352 6342
2353 6342
2354 6342
2356 6342
2358 6342
2359 6342
2362 6342
2363 6342
2364 6342
2367 6342
2368 6342
2369 6342
2370 6342
2371 6342
2373 6342
2374 6342
2375 6342
2376 6342
2379 6342
2381 6342
2382 6342
2383 6342
2384 6342
2385 6342
2389 6342
2390 6342
2391 6342
2393 6342
2394 6342
2395 6342
2396 6342
2397 6342
2398 6342
2399 6342
2400 6342
2401 6342
2402 6342
2404 6342
2405 6342
2406 6342
2407 6342
2408 6342
2409 6342
2410 6342
2411 6342
2412 6342
2413 6342
2414 6342
2415 6342
2416 6342
2417 6342
2418 6342
2419 6342
2420 6342
2421 6342
2422 6342
2423 6342
2424 6342
2425 6342
2426 6342
2427 6342
2428 6342
2429 6342
2430 6342
2431 6342
2432 6342
2433 6342
2434 6342
2435 6342
2436 6342
2437 6342
2438 6342
2439 6342
2440 6342
2441 6342
2442 6342
2443 6342
2444 6342
2445 6342
2446 6342
2447 6342
2448 6342
2449 6342
2450 6342
2451 6342
2452 6342
2453 6342
2454 6342
2455 6342
2456 6342
2457 6342
2458 6342
2459 6342
2460 6342
2461 6342
2462 6342
2463 6342
2464 6342
2465 6342
2466 6342
2467 6342
2468 6342
2469 6342
2470 6342
2471 6342
2472 6342
2473 6342
2474 6342
2475 6342
2476 6342
2477 6342
2478 6342
2479 6342
2480 6342
2481 6342
2482 6342
2483 6342
2484 6342
2485 6342
2486 6342
2487 6342
2488 6342
2489 6342
2490 6342
2491 6342
2492 6342
2493 6342
2494 6342
2495 6342
2496 6342
2497 6342
2498 6342
2499 6342
2500 6342
2501 6342
2502 6342
2503 6342
2504 6342
2505 6342
2506 6342
2507 6342
2508 6342
2509 6342
2510 6342
2511 6342
2512 6342
2513 6342
2514 6342
2515 6342
2516 6342
2517 6342
2518 6342
2519 6342
2520 6342
2521 6342
2522 6342
2523 6342
2524 6342
2525 6342
2526 6342
2527 6342
2528 6342
2529 6342
2530 6342
2531 6342
2532 6342
2533 6342
2534 6342
2535 6342
2536 6342
2537 6342
2538 6342
2539 6342
2540 6342
2541 6342
2542 6342
2543 6342
2544 6342
2545 6342
2546 6342
2547 6342
2548 6342
2549 6342
2550 6342
2551 6342
2552 6342
2553 6342
2554 6342
2555 6342
2556 6342
2557 6342
2558 6342
2559 6342
2560 6342
2561 6342
2562 6342
2563 6342
2564 6342
2565 6342
2566 6342
2567 6342
2568 6342
2569 6342
2570 6342
2571 6342
2572 6342
2573 6342
2574 6342
2575 6342
2576 6342
2577 6342
2578 6342
2579 6342
2580 6342
2581 6342
2582 6342
2583 6342
2584 6342
2585 6342
2586 6342
2587 6342
2588 6342
2589 6342
2590 6342
2591 6342
2592 6342
2593 6342
2594 6342
2595 6342
2596 6342
2597 6342
2598 6342
2599 6342
2600 6342
2601 6342
2602 6342
2603 6342
2604 6342
2605 6342
2607 6342
2608 6342
2609 6342
2610 6342
2612 6342
2613 6342
2615 6342
2616 6342
2617 6342
2618 6342
2619 6342
2620 6342
2621 6342
2625 6342
2626 6342
2630 6342
2631 6342
2632 6342
2633 6342
2634 6342
2635 6342
2637 6342
2638 6342
2639 6342
2640 6342
2641 6342
2644 6342
2645 6342
2646 6342
2647 6342
2648 6342
2649 6342
2650 6342
2651 6342
2652 6342
2655 6342
2658 6342
2660 6342
2661 6342
2663 6342
2664 6342
2665 6342
2670 6342
2671 6342
2672 6342
2675 6342
2676 6342
2677 6342
2678 6342
2680 6342
2682 6342
2683 6342
2684 6342
2685 6342
2690 6342
2695 6342
2696 6342
2697 6342
2698 6342
2699 6342
2700 6342
2703 6342
2704 6342
2705 6342
2707 6342
2708 6342
2709 6342
2710 6342
2711 6342
2712 6342
2713 6342
2714 6342
2715 6342
2716 6342
2717 6342
2718 6342
2719 6342
2720 6342
2721 6342
2722 6342
2723 6342
2724 6342
2725 6342
2726 6342
2727 6342
2728 6342
2729 6342
2730 6342
2731 6342
2732 6342
2733 6342
2734 6342
2735 6342
2736 6342
2737 6342
2738 6342
2739 6342
2740 6342
2741 6342
2742 6342
2743 6342
2744 6342
2745 6342
2746 6342
2747 6342
2748 6342
2750 6342
2751 6342
2752 6342
2755 6342
2757 6342
2758 6342
2759 6342
2760 6342
2761 6342
2762 6342
2763 6342
2764 6342
2765 6342
2766 6342
2767 6342
2768 6342
2769 6342
2770 6342
2771 6342
2772 6342
2773 6342
2774 6342
2775 6342
2776 6342
2777 6342
2779 6342
2780 6342
2781 6342
2782 6342
2783 6342
2784 6342
2785 6342
2786 6342
2788 6342
2789 6342
2790 6342
2791 6343
2792 6343
2793 6343
2795 6343
2796 6343
2797 6343
2798 6343
2800 6343
2801 6343
2802 6343
2804 6343
2805 6343
2806 6343
2809 6343
2810 6343
2811 6343
2812 6343
2813 6343
2814 6343
2815 6343
2816 6343
2820 6343
2821 6343
2822 6343
2823 6343
2824 6343
2825 6343
2826 6343
2827 6343
2828 6343
2829 6343
2830 6343
2831 6343
2832 6343
2833 6343
2834 6343
2835 6343
2836 6343
2837 6343
2838 6343
2839 6343
2840 6343
2844 6343
2845 6343
2850 6343
2855 6343
2856 6343
2857 6343
2860 6343
2865 6343
2870 6343
2873 6343
2875 6343
2879 6343
2880 6343
2885 6343
2886 6343
2889 6343
2892 6343
2894 6343
2895 6343
2896 6343
2897 6343
2898 6343
2899 6343
2900 6343
2901 6343
2902 6343
2903 6343
2904 6343
2905 6343
2907 6343
2910 6343
2915 6343
2916 6343
2920 6343
2923 6343
2925 6343
2930 6343
2934 6343
2935 6343
2940 6343
2942 6343
2944 6343
2945 6343
2946 6343
2947 6343
2950 6343
2951 6343
2955 6343
2960 6343
2963 6343
2964 6343
2965 6343
2966 6343
2970 6343
2975 6343
2980 6343
2985 6343
2986 6343
2987 6343
2990 6343
2995 6343
3002 6343
3003 6343
3004 6343
3005 6343
3006 6343
3007 6343
3008 6343
3009 6343
3010 6343
3011 6343
3012 6343
3013 6343
3015 6343
3016 6343
3017 6343
3018 6343
3019 6343
3021 6343
3026 6343
3036 6343
3037 6343
3038 6343
3041 6343
3046 6343
3051 6343
3056 6343
3066 6343
3076 6343
3081 6343
3086 6343
3087 6343
3091 6343
3092 6343
3094 6343
3095 6343
3096 6343
3098 6343
3099 6343
3100 6343
3101 6343
3106 6343
3111 6343
3116 6343
3125 6343
3126 6343
3127 6343
3128 6343
3129 6343
3130 6343
3131 6343
3132 6343
3134 6343
3135 6343
3136 6343
3137 6343
3138 6343
3139 6343
3141 6343
3146 6343
3151 6343
3156 6343
3162 6343
3163 6343
3164 6343
3165 6343
3166 6343
3167 6343
3169 6343
3170 6343
3171 6343
3172 6343
3173 6343
3174 6343
3176 6343
3177 6343
3178 6343
3180 6343
3181 6343
3183 6343
3185 6343
3186 6343
3187 6343
3188 6343
3189 6343
3190 6343
3191 6343
3192 6343
3193 6343
3194 6343
3195 6343
3196 6343
3197 6343
3198 6343
3199 6343
3200 6343
3201 6343
3203 6343
3204 6343
3205 6343
3206 6343
3207 6343
3208 6343
3209 6343
3210 6343
3211 6343
3212 6343
3213 6343
3214 6343
3215 6343
3216 6343
3217 6343
3218 6343
3219 6343
3220 6343
3221 6343
3222 6343
3223 6343
3224 6343
3225 6343
3226 6343
3227 6343
3229 6343
3231 6343
3235 6343
3236 6343
3237 6343
3238 6343
3239 6343
3240 6343
3241 6343
3242 6343
3243 6343
3244 6343
3245 6343
3246 6343
3247 6343
3248 6343
3249 6343
3250 6343
3251 6343
3252 6343
3253 6343
3254 6343
3255 6343
3256 6343
3259 6343
3260 6343
3261 6343
3262 6343
3264 6343
3265 6343
3266 6343
3267 6343
3268 6343
3269 6343
3270 6343
3271 6343
3272 6343
3273 6343
3274 6343
3275 6343
3276 6343
3279 6343
3280 6343
3281 5329
3282 4727
3283 3791
3284 3039
3285 2623
3286 2623
3287 2623
3288 2623
3289 2647
3290 2663
3291 2807
3292 3031
3293 3184
3294 3298
3295 3471
3296 3569
3297 3699
3298 3821
3299 3875
3300 3875
3301 3899
3302 3899
3303 4066
3304 4156
3305 4243
3306 4275
3307 4411
3308 4515
3309 4520
3310 4603
3311 4687
3312 4687
3313 4687
3314 4687
3315 4687
3316 4687
3317 4687
3318 4687
3319 4687
3320 4687
3321 4687
3322 4687
3323 4687
3324 4687
3325 4687
3326 4687
3327 4687
3328 4687
3329 4687
3330 4687
3331 4687
3332 4687
3333 4687
3334 4687
3335 4687
3336 4687
3337 4687
3338 4687
3339 4687
3340 4687
3341 4687
3342 4687
3343 4687
3344 4687
3345 4687
3346 4687
3347 4687
3348 4687
3349 4687
3350 4687
3351 4687
3352 4687
3353 4687
3354 4687
3355 4687
3356 4687
3357 4687
3358 4687
3359 4687
3360 4687
3361 4687
3362 4687
3363 4687
3364 4687
3365 4687
3366 4687
3367 4687
3368 4687
3369 4687
3370 4687
3371 4687
3372 4687
3373 4687
3374 4687
3375 4687
3376 4687
3377 4687
3378 4687
3379 4687
3380 4687
3381 4687
3382 4687
3383 4687
3384 4687
3385 4687
3386 4687
3387 4687
3388 4687
3389 4687
3390 4687
3391 4687
3392 4687
3393 4687
3394 4687
3395 4687
3396 4687
3397 4687
3398 4687
3399 4687
3400 4687
3401 4687
3402 4687
3403 4687
3404 4687
3405 4687
3406 4687
3407 4687
3408 4687
3409 4687
3410 4687
3411 4687
3412 4687
3413 4687
3414 4687
3415 4687
3416 4687
3417 4687
3418 4687
3419 4687
3420 4687
3421 4687
3422 4687
3423 4687
3424 4687
3425 4687
3426 4687
3427 4687
3428 4687
3429 4687
3430 4687
3431 4687
3432 4687
3433 4687
3434 4687
3435 4687
3436 4687
3437 4687
3438 4687
3439 4687
3440 4687
3441 4687
3442 4687
3443 4687
3444 4687
3445 4687
3446 4687
3447 4687
3448 4687
3449 4687
3450 4687
3451 4687
3452 4687
3453 4687
3454 4687
3455 4687
3456 4687
3457 4687
3458 4687
3459 4687
3460 4687
3461 4687
3462 4687
3463 4687
3464 4687
3465 4687
3466 4687
3467 4687
3468 4687
3469 4687
3470 4687
3471 4687
3472 4687
3473 4687
3474 4687
3475 4687
3476 4687
3477 4687
3478 4687
3479 4687
3480 4687
3481 4687
3482 4687
3483 4687
3484 4687
3485 4687
3486 4687
3487 4687
3488 4687
3489 4687
3490 4687
3491 4687
3492 4687
3493 4687
3494 4687
3495 4687
3496 4687
3497 4687
3498 4687
3499 4687
3500 4687
3501 4687
3502 4687
3503 4687
3504 4687
3505 4687
3506 4687
3507 4687
3508 4687
3509 4687
3510 4687
3511 4687
3512 4687
3513 4687
3514 4687
3515 4687
3516 4687
3517 4687
3518 4687
3519 4687
3520 4687
3521 4687
3522 4687
3523 4687
3524 4687
3525 4687
3526 4687
3527 4687
3528 4687
3529 4687
3530 4687
3531 4687
3532 4687
3533 4687
3534 4687
3535 4687
3536 4687
3537 4687
3538 4687
3539 4687
3540 4687
3541 4687
3542 4687
3543 4687
3544 4687
3545 4687
3546 4687
3547 4687
3548 4687
3549 4687
3550 4687
3551 4687
3552 4687
3553 4687
3554 4687
3555 4687
3556 4687
3557 4687
3558 4687
3559 4687
3560 4687
3561 4687
3562 4687
3563 4687
3564 4687
3565 4687
3566 4687
3569 4687
3570 4687
3571 4687
3572 4687
3575 4687
3576 4687
3581 4687
3582 4687
3585 4687
3586 4687
3587 4687
3588 4687
3589 4687
3590 4687
3591 4687
3593 4687
3594 4687
3596 4687
3597 4687
3602 4689
3602 4689
